45 10
100
0 1
2 3
2 4
5 6
7 8
7 9
7 10
10 8
10 9
3 4
8 9
11 9
11 12
11 13
14 15
14 16
14 0
14 13
15 16
15 17
15 18
15 19
15 20
15 10
15 13
15 21
16 17
16 13
16 22
16 23
16 24
17 19
17 23
17 21
17 24
2 3
2 4
25 9
25 13
20 18
20 10
26 18
26 9
26 6
27 21
28 29
30 7
31 23
31 32
5 9
5 13
33 18
33 19
33 7
33 10
34 8
34 21
35 36
22 36
18 19
18 7
18 10
18 32
18 24
19 7
19 10
19 23
19 21
37 38
37 24
7 10
7 13
7 23
7 8
7 9
12 9
12 13
12 38
12 24
10 32
10 23
10 8
10 9
10 24
13 9
3 4
38 24
36 8
39 8
32 23
32 8
32 24
23 8
23 9
23 24
8 21
8 9
9 6
9 21
40 24
100
0 1
2 3
2 4
5 6
7 8
7 9
7 10
10 8
10 9
3 4
8 9
11 9
11 12
11 13
14 15
14 16
14 0
14 13
15 16
15 17
15 18
15 19
15 20
15 10
15 13
15 21
16 17
16 13
16 22
16 23
16 24
17 19
17 23
17 21
17 24
2 3
2 4
25 9
25 13
20 18
20 10
26 18
26 9
26 6
27 21
28 29
30 7
31 23
31 32
5 9
5 13
33 18
33 19
33 7
33 10
34 8
34 21
35 36
22 36
18 19
18 7
18 10
18 32
18 24
19 7
19 10
19 23
19 21
37 38
37 24
7 10
7 13
7 23
7 8
7 9
12 9
12 13
12 38
12 24
10 32
10 23
10 8
10 9
10 24
13 9
3 4
38 24
36 8
39 8
32 23
32 8
32 24
23 8
23 9
23 24
8 21
8 9
9 6
9 21
40 24
100
0 1
2 3
2 4
5 6
7 8
7 9
7 10
10 8
10 9
3 4
8 9
11 9
11 12
11 13
14 15
14 16
14 0
14 13
15 16
15 17
15 18
15 19
15 20
15 10
15 13
15 21
16 17
16 13
16 22
16 23
16 24
17 19
17 23
17 21
17 24
2 3
2 4
25 9
25 13
20 18
20 10
26 18
26 9
26 6
27 21
28 29
30 7
31 23
31 32
5 9
5 13
33 18
33 19
33 7
33 10
34 8
34 21
35 36
22 36
18 19
18 7
18 10
18 32
18 24
19 7
19 10
19 23
19 21
37 38
37 24
7 10
7 13
7 23
7 8
7 9
12 9
12 13
12 38
12 24
10 32
10 23
10 8
10 9
10 24
13 9
3 4
38 24
36 8
39 8
32 23
32 8
32 24
23 8
23 9
23 24
8 21
8 9
9 6
9 21
40 24
100
0 1
2 3
2 4
5 6
7 8
7 9
7 10
10 8
10 9
3 4
8 9
11 9
11 12
11 13
14 15
14 16
14 0
14 13
15 16
15 17
15 18
15 19
15 20
15 10
15 13
15 21
16 17
16 13
16 22
16 23
16 24
17 19
17 23
17 21
17 24
2 3
2 4
25 9
25 13
20 18
20 10
26 18
26 9
26 6
27 21
28 29
30 7
31 23
31 32
5 9
5 13
33 18
33 19
33 7
33 10
34 8
34 21
35 36
22 36
18 19
18 7
18 10
18 32
18 24
19 7
19 10
19 23
19 21
37 38
37 24
7 10
7 13
7 23
7 8
7 9
12 9
12 13
12 38
12 24
10 32
10 23
10 8
10 9
10 24
13 9
3 4
38 24
36 8
39 8
32 23
32 8
32 24
23 8
23 9
23 24
8 21
8 9
9 6
9 21
40 24
100
0 1
2 3
2 4
5 6
7 8
7 9
7 10
10 8
10 9
3 4
8 9
11 9
11 12
11 13
14 15
14 16
14 0
14 13
15 16
15 17
15 18
15 19
15 20
15 10
15 13
15 21
16 17
16 13
16 22
16 23
16 24
17 19
17 23
17 21
17 24
2 3
2 4
25 9
25 13
20 18
20 10
26 18
26 9
26 6
27 21
28 29
30 7
31 23
31 32
5 9
5 13
33 18
33 19
33 7
33 10
34 8
34 21
35 36
22 36
18 19
18 7
18 10
18 32
18 24
19 7
19 10
19 23
19 21
37 38
37 24
7 10
7 13
7 23
7 8
7 9
12 9
12 13
12 38
12 24
10 32
10 23
10 8
10 9
10 24
13 9
3 4
38 24
36 8
39 8
32 23
32 8
32 24
23 8
23 9
23 24
8 21
8 9
9 6
9 21
40 24
34
11 8
11 9
41 3
41 2
41 4
15 8
15 17
17 8
0 1
42 27
2 3
2 4
25 9
28 32
28 24
31 43
5 13
44 18
44 23
1 7
18 23
19 10
37 24
7 10
10 9
10 8
13 9
3 4
29 43
32 23
32 24
23 24
8 9
8 21
34
11 8
11 9
41 3
41 2
41 4
15 8
15 17
17 8
0 1
42 27
2 3
2 4
25 9
28 32
28 24
31 43
5 13
44 18
44 23
1 7
18 23
19 10
37 24
7 10
10 9
10 8
13 9
3 4
29 43
32 23
32 24
23 24
8 9
8 21
34
11 8
11 9
41 3
41 2
41 4
15 8
15 17
17 8
0 1
42 27
2 3
2 4
25 9
28 32
28 24
31 43
5 13
44 18
44 23
1 7
18 23
19 10
37 24
7 10
10 9
10 8
13 9
3 4
29 43
32 23
32 24
23 24
8 9
8 21
34
11 8
11 9
41 3
41 2
41 4
15 8
15 17
17 8
0 1
42 27
2 3
2 4
25 9
28 32
28 24
31 43
5 13
44 18
44 23
1 7
18 23
19 10
37 24
7 10
10 9
10 8
13 9
3 4
29 43
32 23
32 24
23 24
8 9
8 21
34
11 8
11 9
41 3
41 2
41 4
15 8
15 17
17 8
0 1
42 27
2 3
2 4
25 9
28 32
28 24
31 43
5 13
44 18
44 23
1 7
18 23
19 10
37 24
7 10
10 9
10 8
13 9
3 4
29 43
32 23
32 24
23 24
8 9
8 21
